-100 0.544021110889
-99 0.457535893775
-98 0.366479129252
-97 0.271760626411
-96 0.174326781223
-95 0.0751511204618
-94 -0.0247754254534
-93 -0.124454423507
-92 -0.2228899141
-91 -0.319098362349
-90 -0.412118485242
-89 -0.501020856458
-88 -0.584917192892
-87 -0.662969230082
-86 -0.734397097874
-85 -0.798487112623
-84 -0.854598908088
-83 -0.902171833756
-82 -0.94073055668
-81 -0.969889810845
-80 -0.989358246623
-79 -0.99894134184
-78 -0.998543345375
-77 -0.988168233877
-76 -0.967919672031
-75 -0.937999976775
-74 -0.898708095812
-73 -0.850436620629
-72 -0.793667863849
-71 -0.728969040126
-70 -0.656986598719
-69 -0.578439764388
-68 -0.494113351139
-67 -0.404849920617
-66 -0.311541363513
-65 -0.215119988088
-64 -0.11654920485
-63 -0.0168139004844
-62 0.0830894028175
-61 0.182162504272
-60 0.279415498199
-59 0.37387666483
-58 0.464602179414
-57 0.550685542598
-56 0.631266637872
-55 0.70554032557
-54 0.772764487556
-53 0.832267442224
-52 0.88345465572
-51 0.925814682328
-50 0.958924274663
-49 0.982452612624
-48 0.996164608836
-47 0.999923257564
-46 0.993691003633
-45 0.977530117665
-44 0.95160207389
-43 0.916165936749
-42 0.871575772414
-41 0.818277111064
-40 0.756802495308
-39 0.687766159184
-38 0.611857890943
-37 0.529836140908
-36 0.442520443295
-35 0.35078322769
-34 0.255541102027
-33 0.157745694143
-32 0.0583741434276
-31 -0.0415806624333
-30 -0.14112000806
-29 -0.239249329214
-28 -0.334988150156
-27 -0.427379880234
-26 -0.515501371821
-25 -0.598472144104
-24 -0.675463180551
-23 -0.745705212177
-22 -0.80849640382
-21 -0.863209366649
-20 -0.909297426826
-19 -0.946300087687
-18 -0.973847630878
-17 -0.991664810452
-16 -0.999573603042
-15 -0.997494986604
-14 -0.985449729988
-13 -0.963558185417
-12 -0.932039085967
-11 -0.891207360061
-10 -0.841470984808
-9 -0.783326909627
-8 -0.7173560909
-7 -0.644217687238
-6 -0.564642473395
-5 -0.479425538604
-4 -0.389418342309
-3 -0.295520206661
-2 -0.198669330795
-1 -0.0998334166468
0 0.0
1 0.0998334166468
2 0.198669330795
3 0.295520206661
4 0.389418342309
5 0.479425538604
6 0.564642473395
7 0.644217687238
8 0.7173560909
9 0.783326909627
10 0.841470984808
11 0.891207360061
12 0.932039085967
13 0.963558185417
14 0.985449729988
15 0.997494986604
16 0.999573603042
17 0.991664810452
18 0.973847630878
19 0.946300087687
20 0.909297426826
21 0.863209366649
22 0.80849640382
23 0.745705212177
24 0.675463180551
25 0.598472144104
26 0.515501371821
27 0.427379880234
28 0.334988150156
29 0.239249329214
30 0.14112000806
31 0.0415806624333
32 -0.0583741434276
33 -0.157745694143
34 -0.255541102027
35 -0.35078322769
36 -0.442520443295
37 -0.529836140908
38 -0.611857890943
39 -0.687766159184
40 -0.756802495308
41 -0.818277111064
42 -0.871575772414
43 -0.916165936749
44 -0.95160207389
45 -0.977530117665
46 -0.993691003633
47 -0.999923257564
48 -0.996164608836
49 -0.982452612624
50 -0.958924274663
51 -0.925814682328
52 -0.88345465572
53 -0.832267442224
54 -0.772764487556
55 -0.70554032557
56 -0.631266637872
57 -0.550685542598
58 -0.464602179414
59 -0.37387666483
60 -0.279415498199
61 -0.182162504272
62 -0.0830894028175
63 0.0168139004844
64 0.11654920485
65 0.215119988088
66 0.311541363513
67 0.404849920617
68 0.494113351139
69 0.578439764388
70 0.656986598719
71 0.728969040126
72 0.793667863849
73 0.850436620629
74 0.898708095812
75 0.937999976775
76 0.967919672031
77 0.988168233877
78 0.998543345375
79 0.99894134184
80 0.989358246623
81 0.969889810845
82 0.94073055668
83 0.902171833756
84 0.854598908088
85 0.798487112623
86 0.734397097874
87 0.662969230082
88 0.584917192892
89 0.501020856458
90 0.412118485242
91 0.319098362349
92 0.2228899141
93 0.124454423507
94 0.0247754254534
95 -0.0751511204618
96 -0.174326781223
97 -0.271760626411
98 -0.366479129252
99 -0.457535893775
